7 3 0 | 9 0 0 | 0 0 0 
0 0 0 | 0 1 2 | 0 0 0 
0 0 0 | 0 0 4 | 5 8 0 
------+-------+------
0 0 0 | 4 3 9 | 0 0 2 
9 0 6 | 7 0 0 | 0 0 0 
0 7 0 | 0 0 6 | 0 0 9 
------+-------+------
5 0 8 | 2 0 0 | 9 0 0 
3 0 0 | 1 0 0 | 6 0 0 
1 0 0 | 8 6 0 | 0 4 5 
Solvable!
7 3 4 | 9 5 8 | 1 2 6 
6 8 5 | 3 1 2 | 4 9 7 
2 1 9 | 6 7 4 | 5 8 3 
------+-------+------
8 5 1 | 4 3 9 | 7 6 2 
9 2 6 | 7 8 1 | 3 5 4 
4 7 3 | 5 2 6 | 8 1 9 
------+-------+------
5 6 8 | 2 4 7 | 9 3 1 
3 4 2 | 1 9 5 | 6 7 8 
1 9 7 | 8 6 3 | 2 4 5 
